37.5	62.5
62.5	87.5
87.5	112.5
112.5	137.5
137.5	162.5
162.5	187.5
187.5	212.5
212.5	237.5
237.5	262.5
262.5	287.5
287.5	312.5
312.5	337.5
337.5	362.5
362.5	387.5
387.5	412.5
412.5	437.5
437.5	462.5
462.5	487.5
487.5	512.5
512.5	537.5
537.5	562.5
562.5	587.5
587.5	612.5
612.5	637.5
637.5	662.5
662.5	687.5
687.5	712.5
712.5	737.5
737.5	762.5
762.5	787.5
787.5	812.5
812.5	837.5
837.5	862.5
862.5	887.5
887.5	912.5
912.5	937.5
937.5	962.5
962.5	987.5
987.5	1012.5
1012.5	1037.5
1037.5	1062.5
1062.5	1087.5
1087.5	1112.5
1112.5	1137.5
1137.5	1162.5
1162.5	1187.5
1187.5	1212.5
1212.5	1237.5
1237.5	1262.5
1262.5	1287.5
1287.5	1312.5
1312.5	1337.5
1337.5	1362.5
1362.5	1387.5
1387.5	1412.5
1412.5	1437.5
1437.5	1462.5
1462.5	1487.5
1487.5	1512.5
1512.5	1537.5
1537.5	1562.5
1562.5	1587.5
1587.5	1612.5
1612.5	1637.5
1637.5	1662.5
1662.5	1687.5
1687.5	1712.5
1712.5	1737.5
1737.5	1762.5
1762.5	1787.5
1787.5	1812.5
1812.5	1837.5
1837.5	1862.5
1862.5	1887.5
1887.5	1912.5
1912.5	1937.5
1937.5	1962.5
1962.5	1987.5
1987.5	2012.5
2012.5	2037.5
2037.5	2062.5
2062.5	2087.5
2087.5	2112.5
2112.5	2137.5
2137.5	2162.5
2162.5	2187.5
2187.5	2212.5
2212.5	2237.5
2237.5	2262.5
2262.5	2287.5
2287.5	2312.5
2312.5	2337.5
2337.5	2362.5
2362.5	2387.5
2387.5	2412.5
2412.5	2437.5
2437.5	2462.5
2462.5	2487.5
2487.5	2512.5
2512.5	2537.5
2537.5	2562.5
2562.5	2587.5
2587.5	2612.5
2612.5	2637.5
2637.5	2662.5
2662.5	2687.5
2687.5	2712.5
2712.5	2737.5
2737.5	2762.5
2762.5	2787.5
2787.5	2812.5
2812.5	2837.5
2837.5	2862.5
2862.5	2887.5
2887.5	2912.5
2912.5	2937.5
2937.5	2962.5
2962.5	2987.5
2987.5	3012.5
3012.5	3037.5
3037.5	3062.5
3062.5	3087.5
3087.5	3112.5
3112.5	3137.5
3137.5	3162.5
3162.5	3187.5
3187.5	3212.5
3212.5	3237.5
3237.5	3262.5
3262.5	3287.5
3287.5	3312.5
3312.5	3337.5
3337.5	3362.5
3362.5	3387.5
3387.5	3412.5
3412.5	3437.5
3437.5	3462.5
3462.5	3487.5
3487.5	3512.5
3512.5	3537.5
3537.5	3562.5
3562.5	3587.5
3587.5	3612.5
3612.5	3637.5
3637.5	3662.5
3662.5	3687.5
3687.5	3712.5
3712.5	3737.5
3737.5	3762.5
3762.5	3787.5
3787.5	3812.5
3812.5	3837.5
3837.5	3862.5
3862.5	3887.5
3887.5	3912.5
3912.5	3937.5
3937.5	3962.5
3962.5	3987.5
3987.5	4012.5
4012.5	4037.5
4037.5	4062.5
4062.5	4087.5
4087.5	4112.5
4112.5	4137.5
4137.5	4162.5
4162.5	4187.5
4187.5	4212.5
4212.5	4237.5
4237.5	4262.5
4262.5	4287.5
4287.5	4312.5
4312.5	4337.5
4337.5	4362.5
4362.5	4387.5
4387.5	4412.5
4412.5	4437.5
4437.5	4462.5
4462.5	4487.5
4487.5	4512.5
4512.5	4537.5
4537.5	4562.5
4562.5	4587.5
4587.5	4612.5
4612.5	4637.5
4637.5	4662.5
4662.5	4687.5
4687.5	4712.5
4712.5	4737.5
4737.5	4762.5
4762.5	4787.5
4787.5	4812.5
4812.5	4837.5
4837.5	4862.5
4862.5	4887.5
4887.5	4912.5
4912.5	4937.5
4937.5	4962.5
4962.5	4987.5
4987.5	5012.5
5012.5	5037.5
5037.5	5062.5
5062.5	5087.5
5087.5	5112.5
5112.5	5137.5
5137.5	5162.5
5162.5	5187.5
5187.5	5212.5
5212.5	5237.5
5237.5	5262.5
5262.5	5287.5
5287.5	5312.5
5312.5	5337.5
5337.5	5362.5
5362.5	5387.5
5387.5	5412.5
5412.5	5437.5
5437.5	5462.5
5462.5	5487.5
5487.5	5512.5
5512.5	5537.5
5537.5	5562.5
5562.5	5587.5
5587.5	5612.5
5612.5	5637.5
5637.5	5662.5
5662.5	5687.5
5687.5	5712.5
5712.5	5737.5
5737.5	5762.5
5762.5	5787.5
5787.5	5812.5
5812.5	5837.5
5837.5	5862.5
5862.5	5887.5
5887.5	5912.5
5912.5	5937.5
5937.5	5962.5
5962.5	5987.5
5987.5	6012.5
6012.5	6037.5
6037.5	6062.5
6062.5	6087.5
6087.5	6112.5
6112.5	6137.5
6137.5	6162.5
6162.5	6187.5
6187.5	6212.5
6212.5	6237.5
6237.5	6262.5
6262.5	6287.5
6287.5	6312.5
6312.5	6337.5
6337.5	6362.5
6362.5	6387.5
6387.5	6412.5
6412.5	6437.5
6437.5	6462.5
6462.5	6487.5
6487.5	6512.5
6512.5	6537.5
6537.5	6562.5
6562.5	6587.5
6587.5	6612.5
6612.5	6637.5
6637.5	6662.5
6662.5	6687.5
6687.5	6712.5
6712.5	6737.5
6737.5	6762.5
6762.5	6787.5
6787.5	6812.5
6812.5	6837.5
6837.5	6862.5
6862.5	6887.5
6887.5	6912.5
6912.5	6937.5
6937.5	6962.5
6962.5	6987.5
6987.5	7012.5
7012.5	7037.5
7037.5	7062.5
7062.5	7087.5
7087.5	7112.5
7112.5	7137.5
7137.5	7162.5
7162.5	7187.5
7187.5	7212.5
7212.5	7237.5
7237.5	7262.5
7262.5	7287.5
7287.5	7312.5
7312.5	7337.5
7337.5	7362.5
7362.5	7387.5
7387.5	7412.5
7412.5	7437.5
7437.5	7462.5
7462.5	7487.5
7487.5	7512.5
7512.5	7537.5
7537.5	7562.5
7562.5	7587.5
7587.5	7612.5
7612.5	7637.5
7637.5	7662.5
7662.5	7687.5
7687.5	7712.5
7712.5	7737.5
7737.5	7762.5
7762.5	7787.5
7787.5	7812.5
7812.5	7837.5
7837.5	7862.5
7862.5	7887.5
7887.5	7912.5
7912.5	7937.5
7937.5	7962.5
7962.5	7987.5
7987.5	8012.5
8012.5	8037.5
8037.5	8062.5
8062.5	8087.5
8087.5	8112.5
8112.5	8137.5
8137.5	8162.5
8162.5	8187.5
8187.5	8212.5
8212.5	8237.5
8237.5	8262.5
8262.5	8287.5
8287.5	8312.5
8312.5	8337.5
8337.5	8362.5
8362.5	8387.5
8387.5	8412.5
8412.5	8437.5
8437.5	8462.5
8462.5	8487.5
8487.5	8512.5
8512.5	8537.5
8537.5	8562.5
8562.5	8587.5
8587.5	8612.5
8612.5	8637.5
8637.5	8662.5
8662.5	8687.5
8687.5	8712.5
8712.5	8737.5
8737.5	8762.5
8762.5	8787.5
8787.5	8812.5
8812.5	8837.5
8837.5	8862.5
8862.5	8887.5
8887.5	8912.5
8912.5	8937.5
8937.5	8962.5
8962.5	8987.5
8987.5	9012.5
9012.5	9037.5
9037.5	9062.5
9062.5	9087.5
9087.5	9112.5
9112.5	9137.5
9137.5	9162.5
9162.5	9187.5
9187.5	9212.5
9212.5	9237.5
9237.5	9262.5
9262.5	9287.5
9287.5	9312.5
9312.5	9337.5
9337.5	9362.5
9362.5	9387.5
9387.5	9412.5
9412.5	9437.5
9437.5	9462.5
9462.5	9487.5
9487.5	9512.5
9512.5	9537.5
9537.5	9562.5
9562.5	9587.5
9587.5	9612.5
9612.5	9637.5
9637.5	9662.5
9662.5	9687.5
9687.5	9712.5
9712.5	9737.5
9737.5	9762.5
9762.5	9787.5
9787.5	9812.5
9812.5	9837.5
9837.5	9862.5
9862.5	9887.5
9887.5	9912.5
9912.5	9937.5
9937.5	9962.5
9962.5	9987.5
9987.5	10012.5
10012.5	10037.5
10037.5	10062.5
10062.5	10087.5
10087.5	10112.5
10112.5	10137.5
10137.5	10162.5
10162.5	10187.5
10187.5	10212.5
10212.5	10237.5
10237.5	10262.5
10262.5	10287.5
10287.5	10312.5
10312.5	10337.5
10337.5	10362.5
10362.5	10387.5
10387.5	10412.5
10412.5	10437.5
10437.5	10462.5
10462.5	10487.5
10487.5	10512.5
10512.5	10537.5
10537.5	10562.5
10562.5	10587.5
10587.5	10612.5
10612.5	10637.5
10637.5	10662.5
10662.5	10687.5
10687.5	10712.5
10712.5	10737.5
10737.5	10762.5
10762.5	10787.5
10787.5	10812.5
10812.5	10837.5
10837.5	10862.5
10862.5	10887.5
10887.5	10912.5
10912.5	10937.5
10937.5	10962.5
10962.5	10987.5
10987.5	11012.5
11012.5	11037.5
11037.5	11062.5
11062.5	11087.5
11087.5	11112.5
11112.5	11137.5
11137.5	11162.5
11162.5	11187.5
11187.5	11212.5
11212.5	11237.5
11237.5	11262.5
